Vertex Count: 12

Data:

// Arc for rotation gizmo (quarter circle)
0.0  0.0  0.0 0.0 0.0  0.0  0.0  1.0
0.5  0.0  0.0 0.5 0.0  0.0  0.0  1.0
0.0  0.5  0.0 0.0 0.5  0.0  0.0  1.0

0.5  0.0  0.0 0.5 0.0  0.0  0.0  1.0
0.7  0.0  0.0 0.7 0.0  0.0  0.0  1.0
0.0  0.7  0.0 0.0 0.7  0.0  0.0  1.0

0.7  0.0  0.0 0.7 0.0  0.0  0.0  1.0
0.9  0.0  0.0 0.9 0.0  0.0  0.0  1.0
0.0  0.9  0.0 0.0 0.9  0.0  0.0  1.0

0.9  0.0  0.0 0.9 0.0  0.0  0.0  1.0
1.0  0.0  0.0 1.0 0.0  0.0  0.0  1.0
0.0  1.0  0.0 0.0 1.0  0.0  0.0  1.0 