Vertex Count: 18

Data:

// Arrow shaft (X-axis)
0.0  0.0  0.0 0.0 0.0  1.0  0.0  0.0
1.0  0.0  0.0 1.0 0.0  1.0  0.0  0.0
0.0  0.1  0.0 0.0 1.0  1.0  0.0  0.0
0.0  0.1  0.0 0.0 1.0  1.0  0.0  0.0
1.0  0.0  0.0 1.0 0.0  1.0  0.0  0.0
1.0  0.1  0.0 1.0 1.0  1.0  0.0  0.0

// Arrow head (X-axis)
0.8  0.0  0.0 0.0 0.0  1.0  0.0  0.0
1.0  0.0  0.0 1.0 0.0  1.0  0.0  0.0
0.8  0.2  0.0 0.0 1.0  1.0  0.0  0.0
0.8  0.2  0.0 0.0 1.0  1.0  0.0  0.0
1.0  0.0  0.0 1.0 0.0  1.0  0.0  0.0
1.0  0.2  0.0 1.0 1.0  1.0  0.0  0.0

// Arrow head side 1
0.8  0.0  0.0 0.0 0.0  1.0  0.0  0.0
0.8  0.2  0.0 1.0 0.0  1.0  0.0  0.0
1.0  0.1  0.1 0.0 1.0  1.0  0.0  0.0

// Arrow head side 2
0.8  0.0  0.0 0.0 0.0  1.0  0.0  0.0
0.8  0.2  0.0 1.0 0.0  1.0  0.0  0.0
1.0  0.1 -0.1 0.0 1.0  1.0  0.0  0.0 