Vertex Count: 24

Data:

// Line shaft
0.0  0.0  0.0 0.0 0.0  0.0  0.0  1.0
1.0  0.0  0.0 1.0 0.0  0.0  0.0  1.0
0.0  0.02 0.0 0.0 1.0  0.0  0.0  1.0
0.0  0.02 0.0 0.0 1.0  0.0  0.0  1.0
1.0  0.0  0.0 1.0 0.0  0.0  0.0  1.0
1.0  0.02 0.0 1.0 1.0  0.0  0.0  1.0

// Small cube at the end
0.9 -0.05 -0.05 0.0 0.0  0.0  0.0  1.0
1.1 -0.05 -0.05 1.0 0.0  0.0  0.0  1.0
0.9  0.05 -0.05 0.0 1.0  0.0  0.0  1.0
0.9  0.05 -0.05 0.0 1.0  0.0  0.0  1.0
1.1 -0.05 -0.05 1.0 0.0  0.0  0.0  1.0
1.1  0.05 -0.05 1.0 1.0  0.0  0.0  1.0

1.1 -0.05 -0.05 0.0 0.0  0.0  0.0  1.0
1.1 -0.05  0.05 1.0 0.0  0.0  0.0  1.0
1.1  0.05 -0.05 0.0 1.0  0.0  0.0  1.0
1.1  0.05 -0.05 0.0 1.0  0.0  0.0  1.0
1.1 -0.05  0.05 1.0 0.0  0.0  0.0  1.0
1.1  0.05  0.05 1.0 1.0  0.0  0.0  1.0

0.9 -0.05 -0.05 0.0 0.0  0.0  0.0  1.0
0.9 -0.05  0.05 1.0 0.0  0.0  0.0  1.0
0.9  0.05 -0.05 0.0 1.0  0.0  0.0  1.0
0.9  0.05 -0.05 0.0 1.0  0.0  0.0  1.0
0.9 -0.05  0.05 1.0 0.0  0.0  0.0  1.0
0.9  0.05  0.05 1.0 1.0  0.0  0.0  1.0 